0 20 20
1 23 25
2 30 32
3 42 43
4 56 55
5 62 74
6 70 95
7 74 111
8 83 133
9 100 155
10 113 170
11 111 205
12 113 219
13 122 225
14 141 226
15 147 229
16 141 232
17 143 195
18 155 182
19 164 181
20 172 170
21 194 188
22 220 191
23 249 194
24 281 183
25 304 197
26 336 201
27 376 222
28 398 226
29 434 250
30 435 272
31 463 293
32 439 320
33 427 359
34 397 416
35 345 440
36 301 482
37 252 530
38 202 583
39 178 577
40 142 572
41 121 596
42 94 579
43 91 553
44 77 500
45 61 417
46 53 378
47 56 318
48 60 263
49 56 213
50 55 199
51 59 158
52 59 154
53 61 137
54 67 127
55 86 105
56 95 103
57 113 94
58 132 102
59 154 110
60 174 91
61 202 77
62 241 75
63 285 73
64 328 81
65 364 80
66 403 88
67 451 106
68 487 126
69 524 154
70 519 174
71 522 190
72 518 220
73 488 256
74 481 276
75 454 307
76 403 331
77 399 363
78 340 365
79 301 360
80 263 361
81 235 379
82 218 405
83 185 472
84 132 468
85 102 450
86 105 429
87 85 416
88 82 419
89 80 405
90 86 342
91 104 339
92 100 312
93 108 294
94 123 263
95 150 235
96 175 207
97 177 173
98 193 154
99 201 171
100 221 164
101 207 162
102 206 149
103 208 135
104 229 134
105 261 129
106 277 144
107 291 168
108 285 198
109 295 183
110 321 216
111 344 219
112 327 236
113 330 259
114 311 262
115 310 276
116 266 294
117 277 296
118 280 278
119 250 272
120 225 249
121 191 258
122 179 283
123 175 290
124 173 289
125 164 312
126 156 338
127 154 334
128 159 321
129 163 344
130 152 337
131 159 308
132 173 305
133 190 322
134 173 270
135 161 261
136 161 256
137 166 247
138 180 244
139 202 267
140 194 266
141 201 263
142 202 260
143 171 257
144 172 254
145 178 234
146 163 244
147 153 265
148 154 260
149 175 264
150 209 244
151 216 224
152 249 194
153 273 212
154 268 225
155 267 232
156 278 245
157 276 269
158 249 273
159 270 303
160 283 319
161 267 339
162 225 373
163 218 387
164 194 419
165 173 404
166 165 433
167 168 403
168 165 399
169 154 430
170 167 394
171 146 345
172 132 317
173 115 301
174 109 279
175 106 262
176 95 229
177 91 209
178 83 203
179 91 187
180 95 180
181 97 191
182 104 204
183 124 207
184 142 196
185 161 192
186 180 199
187 181 211
188 204 216
189 232 223
190 269 256
191 260 285
192 241 336
193 238 354
194 227 358
195 223 402
196 205 417
197 187 419
198 185 463
199 174 495
